nosymbol_cls_8:
test: {0: 0.1295547186984892, 1: 0.14340591380081932, 2: 0.29535309585622116, 3: 0.12608397945835362, 4: 0.03549295282686215, 5: 0.01731466222744578, 6: 0.1430492647040242, 7: 0.1097454124277845}
train: {0: 0.13078640952532317, 1: 0.09998187995159757, 2: 0.2882308237633946, 3: 0.11039940107599713, 4: 0.05607084771644346, 5: 0.017206641211628935, 6: 0.11117278191120097, 7: 0.1861512148444144}
dev: {0: 0.16896336716830393, 1: 0.09535893809730095, 2: 0.32837722750527504, 3: 0.06790864121016746, 4: 0.04413394089370283, 5: 0.0199087335840901, 6: 0.09143666100794061, 7: 0.18391249053321912}

nosymbol_revmean_10:
test: {0: 0.26001252588662266, 1: 0.1311419194964791, 2: 0.16815419753843158, 3: 0.02239827201872727, 4: 0.09340830793328189, 5: 0.036337080215383004, 6: 0.11677044714766074, 7: 0.089033139186197, 8: 0.006654499649846334, 9: 0.07608961092737064}
train: {0: 0.2638950487499304, 1: 0.12581031283084582, 2: 0.13554323860846187, 3: 0.03641610587964995, 4: 0.0743667293922898, 5: 0.04177398530782322, 6: 0.09206308910904597, 7: 0.08353103702151525, 8: 0.008907754212861352, 9: 0.13769269888757646}
dev: {0: 0.33527765775007407, 1: 0.1328100934476171, 2: 0.11247882380911256, 3: 0.007681487694610329, 4: 0.06832732701954353, 5: 0.05986638128246921, 6: 0.07026303890638831, 7: 0.053761156094850285, 8: 0.010368246782918988, 9: 0.14916578721241544}

nosymbol_cls_10:
test: {0: 0.05883085068058996, 1: 0.021050650880971095, 2: 0.04185507850422443, 3: 0.3559345500892535, 4: 0.1584291683138485, 5: 0.13830377678719086, 6: 0.13804644580416586, 7: 0.04082580008044213, 8: 0.014266388038633624, 9: 0.03245729082068017}
train: {0: 0.0605238579898905, 1: 0.01363382141229754, 2: 0.03024204304315004, 3: 0.3365393563917789, 4: 0.12014716290490289, 5: 0.12867559691068312, 6: 0.17789829839437693, 7: 0.052362154237151196, 8: 0.01953109182419963, 9: 0.06044661689156965}
dev: {0: 0.03202027165772787, 1: 0.01923622789678271, 2: 0.023662952830118236, 3: 0.4078776660234461, 4: 0.09808190323785879, 5: 0.12746852230798694, 6: 0.17150985074086467, 7: 0.060412394930299616, 8: 0.020777397620436178, 9: 0.038952812754478885}

symbol_mean_10 (original):
test: {0: 0.016350552531474757, 1: 0.016699957401057026, 2: 0.17117517172661562, 3: 0.002847667315949115, 4: 0.14819976746734229, 5: 0.30312614948868505, 6: 0.13862096517767136, 7: 0.040290006505637625, 8: 0.07557123799657915, 9: 0.08711852438898815}
train: {0: 0.01956108283525513, 1: 0.02600886271512175, 2: 0.16646160280233266, 3: 0.003457517259293614, 4: 0.11024221059072696, 5: 0.28711674894070977, 6: 0.10192134082079822, 7: 0.044063740596123925, 8: 0.13943792658890303, 9: 0.10172896685073521}
dev: {0: 0.008681137529812968, 1: 0.031620552487979424, 2: 0.18029557530837076, 3: 0.005478083998507071, 4: 0.07763138399371997, 5: 0.35478171708321177, 6: 0.09464621470409067, 7: 0.01959776591411866, 8: 0.13931490571682842, 9: 0.0879526632633603}
